8 0 0 1 1 2 2 -1 -1 -2 -2
1 0 0 1 1 2 2 -1 -1 -2 -2
675 0 0 1 1 2 2 -1 -1 -2 -2
676 0 0 1 1 2 2 -1 -1 -2 -2
2 0 0 1 1 2 2 -1 -1 -2 -2
565 0 0 1 1 2 2 -1 -1 -2 -2
566 0 0 1 1 2 2 -1 -1 -2 -2
3 0 0 1 1 2 2 -1 -1 -2 -2
0 0 0 1 1 2 2 -1 -1 -2 -2
10 0 0 1 1 2 2 -1 -1 -2 -2
17 0 0 1 1 2 2 -1 -1 -2 -2
7 0 0 1 -1 2 -2 -1 1 -2 2
90 0 0 1 -1 2 -2 -1 1 -2 2
89 0 0 1 -1 2 -2 -1 1 -2 2
6 0 0 1 -1 2 -2 -1 1 -2 2
735 0 0 1 -1 2 -2 -1 1 -2 2
736 0 0 1 -1 2 -2 -1 1 -2 2
5 0 0 1 -1 2 -2 -1 1 -2 2
516 0 0 1 -1 2 -2 -1 1 -2 2
515 0 0 1 -1 2 -2 -1 1 -2 2
4 0 0 1 -1 2 -2 -1 1 -2 2